StringID	Type	x				y				demand	ReadyTime	DueDate		ServiceTime
D1			d		40.6765682		-73.7188953		0			0		168			0
D2			d		40.7712329		-73.8473843		0			0		168			0
D3			d		40.7179344		-73.9218974		0			0		168			0
D4			d		40.7524313		-73.973652		0			0		168			0
D5			d		40.6619644		-74.0090911		0			0		168			0
D6			d		40.7267163		-73.9751348		0			0		168			0
D7			d		40.8183211		-73.9319155		0			0		168			0
S1			f		40.863231		-73.828839		0			0		168			0
S2			f		40.879413		-73.875485		0			0		168			0
S3			f		40.8832058		-73.8423836		0			0		168			0
S4			f		40.90872		-73.905883		0			0		168			0
S5			f		40.850658		-73.881145		0			0		168			0
S6			f		40.8784594		-73.9159251		0			0		168			0
S7			f		40.822142		-73.931128		0			0		168			0
S8			f		40.7069649		-74.017971		0			0		168			0
S9			f		40.721748		-73.987653		0			0		168			0
S10			f		40.7453999		-73.99542		0			0		168			0
S11			f		40.7632446		-73.9886474		0			0		168			0
S12			f		40.76306		-73.968409		0			0		168			0
S13			f		40.7711127		-73.9509942		0			0		168			0
S14			f		40.7932684		-73.9702032		0			0		168			0
S15			f		40.8019938		-73.947969		0			0		168			0
S16			f		40.816777		-73.947435		0			0		168			0
S17			f		40.7442864		-73.9568715		0			0		168			0
S18			f		40.7773487		-73.9013521		0			0		168			0
S19			f		40.711266		-73.89218		0			0		168			0
S20			f		40.760424		-73.856316		0			0		168			0
S21			f		40.7538463		-73.8238407		0			0		168			0
S22			f		40.7358738		-73.8158194		0			0		168			0
S23			f		40.72205		-73.849351		0			0		168			0
S24			f		40.70524		-73.791466		0			0		168			0
S25			f		40.7573164		-73.7639544		0			0		168			0
S26			f		40.677402		-73.745064		0			0		168			0
S27			f		40.656083		-73.808091		0			0		168			0
S28			f		40.7119045		-73.8267727		0			0		168			0
S29			f		40.7056161		-73.9126437		0			0		168			0
S30			f		40.7464324		-73.8921163		0			0		168			0
S31			f		40.735082		-73.87067		0			0		168			0
S32			f		40.716441		-73.960043		0			0		168			0
S33			f		40.698686		-73.973347		0			0		168			0
S34			f		40.619335		-74.029466		0			0		168			0
S35			f		40.6583074		-73.9507922		0			0		168			0
S36			f		40.589015		-73.9608014		0			0		168			0
S37			f		40.657441		-73.874619		0			0		168			0
C1			c		40.858005		-73.90485		0.06		0		168			0.05
C2			c		40.860641		-73.871488		0.06		0		168			0.05
C3			c		40.883881		-73.881691		0.06		0		168			0.05
C4			c		40.8895832		-73.8929186		0.06		0		168			0.05
C5			c		40.89084899		-73.86422392	0.06		0		168			0.05
C6			c		40.869996		-73.876238		0.06		0		168			0.05
C7			c		40.873199		-73.87052		0.06		0		168			0.05
C8			c		40.889428		-73.864356		0.06		0		168			0.05
C9			c		40.884079		-73.866996		0.06		0		168			0.05
C10			c		40.888933		-73.898324		0.06		0		168			0.05
C11			c		40.887317		-73.899006		0.06		0		168			0.05
C12			c		40.84889079		-73.87712839	0.06		0		168			0.05
C13			c		40.851889		-73.868549		0.06		0		168			0.05
C14			c		40.861953		-73.890736		0.06		0		168			0.05
C15			c		40.86113175		-73.88043125	0.06		0		168			0.05
C16			c		40.896126		-73.882447		0.06		0		168			0.05
C17			c		40.85042		-73.915529		0.06		0		168			0.05
C18			c		40.833109		-73.828285		0.06		0		168			0.05
C19			c		40.838797		-73.845791		0.06		0		168			0.05
C20			c		40.835694		-73.888776		0.06		0		168			0.05
C21			c		40.816505		-73.872564		0.06		0		168			0.05
C22			c		40.906878		-73.904143		0.06		0		168			0.05
C23			c		40.861267		-73.89014		0.06		0		168			0.05
C24			c		40.887313		-73.916308		0.06		0		168			0.05
C25			c		40.850396		-73.8238255		0.06		0		168			0.05
C26			c		40.8688842		-73.7940624		0.06		0		168			0.05
C27			c		40.82366		-73.850766		0.06		0		168			0.05
C28			c		40.836706		-73.872355		0.06		0		168			0.05
C29			c		40.828933		-73.869326		0.06		0		168			0.05
C30			c		40.8229924		-73.93189254	0.06		0		168			0.05
C31			c		40.817335		-73.870322		0.06		0		168			0.05
C32			c		40.819274		-73.870418		0.06		0		168			0.05
C33			c		40.861379		-73.881414		0.06		0		168			0.05
C34			c		40.8543835		-73.8698135		0.06		0		168			0.05
C35			c		40.819113		-73.878003		0.06		0		168			0.05
C36			c		40.817471		-73.882622		0.06		0		168			0.05
C37			c		40.861948		-73.893726		0.06		0		168			0.05
C38			c		40.911236		-73.90791		0.06		0		168			0.05
C39			c		40.911295		-73.907652		0.06		0		168			0.05
C40			c		40.814213		-73.885886		0.06		0		168			0.05
C41			c		40.875553		-73.860526		0.06		0		168			0.05
C42			c		40.862402		-73.897174		0.06		0		168			0.05
C43			c		40.84976		-73.880055		0.06		0		168			0.05
C44			c		40.888353		-73.840908		0.06		0		168			0.05
C45			c		40.850274		-73.88992		0.06		0		168			0.05
C46			c		40.842795		-73.877694		0.06		0		168			0.05
C47			c		40.832862		-73.9236695		0.06		0		168			0.05
C48			c		40.828567		-73.9224975		0.06		0		168			0.05
C49			c		40.833505		-73.86232		0.06		0		168			0.05
C50			c		40.850017		-73.880035		0.06		0		168			0.05
C51			c		40.825217		-73.88546		0.06		0		168			0.05
C52			c		40.865657		-73.850613		0.06		0		168			0.05
C53			c		40.84155572		-73.87752267	0.06		0		168			0.05
C54			c		40.85557		-73.887565		0.06		0		168			0.05
C55			c		40.903281		-73.903612		0.06		0		168			0.05
C56			c		40.885219		-73.840474		0.06		0		168			0.05
C57			c		40.840565		-73.8429495		0.06		0		168			0.05
C58			c		40.8395035		-73.89561583	0.06		0		168			0.05
C59			c		40.871864		-73.805549		0.06		0		168			0.05
C60			c		40.849292		-73.902175		0.06		0		168			0.05
C61			c		40.841444		-73.888487		0.06		0		168			0.05
C62			c		40.83377		-73.877453		0.06		0		168			0.05
C63			c		40.826783		-73.9223805		0.06		0		168			0.05
C64			c		40.816171		-73.917594		0.06		0		168			0.05
C65			c		40.81165		-73.9143405		0.06		0		168			0.05
C66			c		40.865124		-73.898914		0.06		0		168			0.05
C67			c		40.814213		-73.885886		0.06		0		168			0.05
C68			c		40.866089		-73.896967		0.06		0		168			0.05
C69			c		40.877667		-73.90062		0.06		0		168			0.05
C70			c		40.844147		-73.918886		0.06		0		168			0.05
C71			c		40.813663		-73.905898		0.06		0		168			0.05
C72			c		40.822711		-73.890242		0.06		0		168			0.05
C73			c		40.82297053		-73.91288322	0.06		0		168			0.05
C74			c		40.819933		-73.887069		0.06		0		168			0.05
C75			c		40.835694		-73.925664		0.06		0		168			0.05
C76			c		40.841884		-73.876389		0.06		0		168			0.05
C77			c		40.847026		-73.882534		0.06		0		168			0.05
C78			c		40.822893		-73.91266		0.06		0		168			0.05
C79			c		40.80531602		-73.91533212	0.06		0		168			0.05
C80			c		40.81484		-73.90691		0.06		0		168			0.05
C81			c		40.82057088		-73.91403138	0.06		0		168			0.05
C82			c		40.82201		-73.914009		0.06		0		168			0.05
C83			c		40.692165		-73.985247		0.06		0		168			0.05
C84			c		40.689818		-73.9732		0.06		0		168			0.05
C85			c		40.688204		-73.966559		0.06		0		168			0.05
C86			c		40.676766		-73.965902		0.06		0		168			0.05
C87			c		40.617506		-74.040033		0.06		0		168			0.05
C88			c		40.5752145		-73.9716155		0.06		0		168			0.05
C89			c		40.677265		-74.008353		0.06		0		168			0.05
C90			c		40.682556		-73.961975		0.06		0		168			0.05
C91			c		40.662964		-73.9781295		0.06		0		168			0.05
C92			c		40.681307		-73.995212		0.06		0		168			0.05
C93			c		40.696389		-73.99734		0.06		0		168			0.05
C94			c		40.673811		-73.943717		0.06		0		168			0.05
C95			c		40.697746		-73.976199		0.06		0		168			0.05
C96			c		40.639285		-74.031909		0.06		0		168			0.05
C97			c		40.5774415		-73.9456015		0.06		0		168			0.05
C98			c		40.6578305		-73.9627005		0.06		0		168			0.05
C99			c		40.578225		-73.994834		0.06		0		168			0.05
C100		c		40.720628		-73.965524		0.06		0		168			0.05
C101		c		40.721075		-73.955512		0.06		0		168			0.05
C102		c		40.693456		-73.965908		0.06		0		168			0.05
C103		c		40.693127		-73.96879		0.06		0		168			0.05
C104		c		40.693473		-73.979168		0.06		0		168			0.05
C105		c		40.693222		-73.971887		0.06		0		168			0.05
C106		c		40.67207		-73.96598		0.06		0		168			0.05
C107		c		40.724446		-73.943326		0.06		0		168			0.05
C108		c		40.719973		-73.952215		0.06		0		168			0.05
C109		c		40.604085		-73.930703		0.06		0		168			0.05
C110		c		40.577492		-73.946325		0.06		0		168			0.05
C111		c		40.706315		-73.948025		0.06		0		168			0.05
C112		c		40.687208		-73.974621		0.06		0		168			0.05
C113		c		40.695873		-73.990218		0.06		0		168			0.05
C114		c		40.603519		-73.957375		0.06		0		168			0.05
C115		c		40.700784		-73.995146		0.06		0		168			0.05
C116		c		40.685861		-73.972638		0.06		0		168			0.05
C117		c		40.687093		-73.976238		0.06		0		168			0.05
C118		c		40.68293		-73.964596		0.06		0		168			0.05
C119		c		40.687072		-73.976557		0.06		0		168			0.05
C120		c		40.683557		-73.966797		0.06		0		168			0.05
C121		c		40.702573		-73.989752		0.06		0		168			0.05
C122		c		40.702631		-73.990641		0.06		0		168			0.05
C123		c		40.70238		-73.986553		0.06		0		168			0.05
C124		c		40.679442		-73.876233		0.06		0		168			0.05
C125		c		40.721653		-73.950305		0.06		0		168			0.05
C126		c		40.720622		-73.952488		0.06		0		168			0.05
C127		c		40.697793		-73.978653		0.06		0		168			0.05
C128		c		40.68829		-73.996136		0.06		0		168			0.05
C129		c		40.65021		-73.958798		0.06		0		168			0.05
C130		c		40.680946		-73.995481		0.06		0		168			0.05
C131		c		40.695719		-73.990256		0.06		0		168			0.05
C132		c		40.722315		-73.961527		0.06		0		168			0.05
C133		c		40.701079		-73.995307		0.06		0		168			0.05
C134		c		40.6969315		-73.990506		0.06		0		168			0.05
C135		c		40.705616		-73.947172		0.06		0		168			0.05
C136		c		40.68463		-73.990234		0.06		0		168			0.05
C137		c		40.721933		-73.955283		0.06		0		168			0.05
C138		c		40.676639		-73.978903		0.06		0		168			0.05
C139		c		40.596833		-73.9994		0.06		0		168			0.05
C140		c		40.72162567		-73.95369333	0.06		0		168			0.05
C141		c		40.610033		-73.96952		0.06		0		168			0.05
C142		c		40.650143		-73.884372		0.06		0		168			0.05
C143		c		40.668797		-73.980144		0.06		0		168			0.05
C144		c		40.629573		-74.022532		0.06		0		168			0.05
C145		c		40.64848		-74.006674		0.06		0		168			0.05
C146		c		40.672976		-73.984564		0.06		0		168			0.05
C147		c		40.673754		-73.934855		0.06		0		168			0.05
C148		c		40.613322		-74.030067		0.06		0		168			0.05
C149		c		40.604374		-73.930741		0.06		0		168			0.05
C150		c		40.656762		-73.90247		0.06		0		168			0.05
C151		c		40.715086		-73.960546		0.06		0		168			0.05
C152		c		40.648468		-74.006771		0.06		0		168			0.05
C153		c		40.66101		-73.895627		0.06		0		168			0.05
C154		c		40.674329		-73.877867		0.06		0		168			0.05
C155		c		40.677973		-73.928171		0.06		0		168			0.05
C156		c		40.684658		-73.925222		0.06		0		168			0.05
C157		c		40.665324		-73.886769		0.06		0		168			0.05
C158		c		40.666548		-73.887691		0.06		0		168			0.05
C159		c		40.693761		-73.948972		0.06		0		168			0.05
C160		c		40.6659			-73.887172		0.06		0		168			0.05
C161		c		40.674221		-73.888573		0.06		0		168			0.05
C162		c		40.67073271		-73.87967557	0.06		0		168			0.05
C163		c		40.667491		-73.89384		0.06		0		168			0.05
C164		c		40.672659		-73.885742		0.06		0		168			0.05
C165		c		40.695221		-73.943264		0.06		0		168			0.05
C166		c		40.713316		-73.938974		0.06		0		168			0.05
C167		c		40.709648		-73.950166		0.06		0		168			0.05
C168		c		40.867205		-73.929121		0.06		0		168			0.05
C169		c		40.701307		-74.011998		0.06		0		168			0.05
C170		c		40.788757		-73.977788		0.06		0		168			0.05
C171		c		40.739465		-74.008162		0.06		0		168			0.05
C172		c		40.729689		-73.99662		0.06		0		168			0.05
C173		c		40.717298		-74.011001		0.06		0		168			0.05
C174		c		40.805621		-73.958455		0.06		0		168			0.05
C175		c		40.803133		-73.958336		0.06		0		168			0.05
C176		c		40.7824205		-73.9727355		0.06		0		168			0.05
C177		c		40.781936		-73.97542		0.06		0		168			0.05
C178		c		40.781265		-73.975927		0.06		0		168			0.05
C179		c		40.758977		-73.991396		0.06		0		168			0.05
C180		c		40.746041		-74.006109		0.06		0		168			0.05
C181		c		40.736401		-74.005572		0.06		0		168			0.05
C182		c		40.77878		-73.981788		0.06		0		168			0.05
C183		c		40.73582486		-73.99058057	0.06		0		168			0.05
C184		c		40.72534		-74.002324		0.06		0		168			0.05
C185		c		40.702335		-74.014384		0.06		0		168			0.05
C186		c		40.744858		-73.973764		0.06		0		168			0.05
C187		c		40.76512		-73.958509		0.06		0		168			0.05
C188		c		40.72227		-73.997287		0.06		0		168			0.05
C189		c		40.714603		-73.990111		0.06		0		168			0.05
C190		c		40.787059		-73.982257		0.06		0		168			0.05
C191		c		40.720057		-73.981636		0.06		0		168			0.05
C192		c		40.770381		-73.995824		0.06		0		168			0.05
C193		c		40.762839		-74.001011		0.06		0		168			0.05
C194		c		40.751987		-74.008443		0.06		0		168			0.05
C195		c		40.748507		-74.009283		0.06		0		168			0.05
C196		c		40.748684		-74.008825		0.06		0		168			0.05
C197		c		40.738145		-74.010417		0.06		0		168			0.05
C198		c		40.729604		-74.011454		0.06		0		168			0.05
C199		c		40.72917		-74.011317		0.06		0		168			0.05
C200		c		40.728833		-74.011899		0.06		0		168			0.05
C201		c		40.720478		-74.016223		0.06		0		168			0.05
C202		c		40.719714		-74.012943		0.06		0		168			0.05
C203		c		40.71248		-74.007642		0.06		0		168			0.05
C204		c		40.711826		-74.007142		0.06		0		168			0.05
C205		c		40.712939		-74.007262		0.06		0		168			0.05
C206		c		40.739982		-73.978053		0.06		0		168			0.05
C207		c		40.801921		-73.960854		0.06		0		168			0.05
C208		c		40.80413		-73.958298		0.06		0		168			0.05
C209		c		40.807191		-73.934751		0.06		0		168			0.05
C210		c		40.715356		-74.002985		0.06		0		168			0.05
C211		c		40.715355		-74.002982		0.06		0		168			0.05
C212		c		40.769445		-73.949898		0.06		0		168			0.05
C213		c		40.793412		-73.937115		0.06		0		168			0.05
C214		c		40.84637		-73.940825		0.06		0		168			0.05
C215		c		40.820071		-73.952107		0.06		0		168			0.05
C216		c		40.738952		-74.002882		0.06		0		168			0.05
C217		c		40.87039733		-73.92999167	0.06		0		168			0.05
C218		c		40.706124		-74.004217		0.06		0		168			0.05
C219		c		40.7348703		-74.0098974		0.06		0		168			0.05
C220		c		40.742074		-74.007545		0.06		0		168			0.05
C221		c		40.806036		-73.934206		0.06		0		168			0.05
C222		c		40.804284		-73.931744		0.06		0		168			0.05
C223		c		40.719979		-74.010272		0.06		0		168			0.05
C224		c		40.859226		-73.934552		0.06		0		168			0.05
C225		c		40.715167		-74.002599		0.06		0		168			0.05
C226		c		40.714357		-74.003085		0.06		0		168			0.05
C227		c		40.730225		-74.002246		0.06		0		168			0.05
C228		c		40.70235		-74.014393		0.06		0		168			0.05
C229		c		40.72147042		-73.97417858	0.06		0		168			0.05
C230		c		40.714224		-74.003285		0.06		0		168			0.05
C231		c		40.714045		-74.003135		0.06		0		168			0.05
C232		c		40.721757		-73.996052		0.06		0		168			0.05
C233		c		40.819645		-73.936417		0.06		0		168			0.05
C234		c		40.710746		-73.993819		0.06		0		168			0.05
C235		c		40.7125135		-74.0066935		0.06		0		168			0.05
C236		c		40.721035		-73.991596		0.06		0		168			0.05
C237		c		40.749849		-74.000856		0.06		0		168			0.05
C238		c		40.71511		-74.002359		0.06		0		168			0.05
C239		c		40.715059		-74.002355		0.06		0		168			0.05
C240		c		40.780558		-73.972924		0.06		0		168			0.05
C241		c		40.77453		-73.943837		0.06		0		168			0.05
C242		c		40.7541725		-73.983747		0.06		0		168			0.05
C243		c		40.714399		-74.006131		0.06		0		168			0.05
C244		c		40.753938		-73.986947		0.06		0		168			0.05
C245		c		40.724319		-73.997828		0.06		0		168			0.05
C246		c		40.773715		-73.981957		0.06		0		168			0.05
C247		c		40.771372		-73.982072		0.06		0		168			0.05
C248		c		40.852856		-73.938098		0.06		0		168			0.05
C249		c		40.702411		-74.012879		0.06		0		168			0.05
C250		c		40.7083255		-74.016583		0.06		0		168			0.05
C251		c		40.704592		-74.016957		0.06		0		168			0.05
C252		c		40.725698		-73.980843		0.06		0		168			0.05
C253		c		40.726599		-73.982985		0.06		0		168			0.05
C254		c		40.72603		-73.983353		0.06		0		168			0.05
C255		c		40.78613		-73.943294		0.06		0		168			0.05
C256		c		40.715342		-74.0113415		0.06		0		168			0.05
C257		c		40.829744		-73.936431		0.06		0		168			0.05
C258		c		40.716941		-74.000816		0.06		0		168			0.05
C259		c		40.817272		-73.948248		0.06		0		168			0.05
C260		c		40.807945		-73.945623		0.06		0		168			0.05
C261		c		40.718605		-73.993763		0.06		0		168			0.05
C262		c		40.704695		-74.006729		0.06		0		168			0.05
C263		c		40.704919		-74.007084		0.06		0		168			0.05
C264		c		40.71045		-74.003755		0.06		0		168			0.05
C265		c		40.715923		-74.001448		0.06		0		168			0.05
C266		c		40.716092		-74.000134		0.06		0		168			0.05
C267		c		40.785752		-73.951007		0.06		0		168			0.05
C268		c		40.716158		-74.002555		0.06		0		168			0.05
C269		c		40.714666		-74.002176		0.06		0		168			0.05
C270		c		40.760842		-73.969307		0.06		0		168			0.05
C271		c		40.71368		-74.005513		0.06		0		168			0.05
C272		c		40.755914		-73.986712		0.06		0		168			0.05
C273		c		40.751692		-73.975975		0.06		0		168			0.05
C274		c		40.750901		-73.990843		0.06		0		168			0.05
C275		c		40.712796		-74.004816		0.06		0		168			0.05
C276		c		40.714023		-74.004472		0.06		0		168			0.05
C277		c		40.742795		-74.008033		0.06		0		168			0.05
C278		c		40.824847		-73.935623		0.06		0		168			0.05
C279		c		40.731315		-74.000988		0.06		0		168			0.05
C280		c		40.713608		-74.003619		0.06		0		168			0.05
C281		c		40.712187		-74.005701		0.06		0		168			0.05
C282		c		40.847983		-73.929251		0.06		0		168			0.05
C283		c		40.84696		-73.940028		0.06		0		168			0.05
C284		c		40.719937		-73.981432		0.06		0		168			0.05
C285		c		40.756564		-73.965043		0.06		0		168			0.05
C286		c		40.748355		-74.002007		0.06		0		168			0.05
C287		c		40.736271		-73.975508		0.06		0		168			0.05
C288		c		40.716827		-74.004185		0.06		0		168			0.05
C289		c		40.87303		-73.918427		0.06		0		168			0.05
C290		c		40.716396		-74.001359		0.06		0		168			0.05
C291		c		40.715827		-74.000488		0.06		0		168			0.05
C292		c		40.824297		-73.942288		0.06		0		168			0.05
C293		c		40.715387		-74.001773		0.06		0		168			0.05
C294		c		40.710412		-73.996979		0.06		0		168			0.05
C295		c		40.716458		-74.002467		0.06		0		168			0.05
C296		c		40.812748		-73.939317		0.06		0		168			0.05
C297		c		40.805463		-73.946284		0.06		0		168			0.05
C298		c		40.729474		-74.005489		0.06		0		168			0.05
C299		c		40.806938		-73.945301		0.06		0		168			0.05
C300		c		40.802588		-73.938468		0.06		0		168			0.05
C301		c		40.828677		-73.948059		0.06		0		168			0.05
C302		c		40.799707		-73.962203		0.06		0		168			0.05
C303		c		40.723831		-73.980677		0.06		0		168			0.05
C304		c		40.835708		-73.939122		0.06		0		168			0.05
C305		c		40.796609		-73.931602		0.06		0		168			0.05
C306		c		40.808183		-73.95205		0.06		0		168			0.05
C307		c		40.804559		-73.952985		0.06		0		168			0.05
C308		c		40.814478		-73.943498		0.06		0		168			0.05
C309		c		40.724254		-73.982088		0.06		0		168			0.05
C310		c		40.740883		-73.849318		0.06		0		168			0.05
C311		c		40.741628		-73.777362		0.06		0		168			0.05
C312		c		40.770753		-73.77174		0.06		0		168			0.05
C313		c		40.779897		-73.922391		0.06		0		168			0.05
C314		c		40.739525		-73.735634		0.06		0		168			0.05
C315		c		40.69799		-73.853295		0.06		0		168			0.05
C316		c		40.792357		-73.777013		0.06		0		168			0.05
C317		c		40.701854		-73.853145		0.06		0		168			0.05
C318		c		40.702293		-73.854765		0.06		0		168			0.05
C319		c		40.744249		-73.844068		0.06		0		168			0.05
C320		c		40.746639		-73.844583		0.06		0		168			0.05
C321		c		40.754243		-73.889365		0.06		0		168			0.05
C322		c		40.74969267		-73.91472		0.06		0		168			0.05
C323		c		40.792085		-73.774357		0.06		0		168			0.05
C324		c		40.758219		-73.900278		0.06		0		168			0.05
C325		c		40.665503		-73.825629		0.06		0		168			0.05
C326		c		40.768029		-73.936159		0.06		0		168			0.05
C327		c		40.688249		-73.773574		0.06		0		168			0.05
C328		c		40.747887		-73.809765		0.06		0		168			0.05
C329		c		40.670613		-73.846257		0.06		0		168			0.05
C330		c		40.765644		-73.941159		0.06		0		168			0.05
C331		c		40.736171		-73.814014		0.06		0		168			0.05
C332		c		40.694407		-73.822116		0.06		0		168			0.05
C333		c		40.794781		-73.779207		0.06		0		168			0.05
C334		c		40.701272		-73.841922		0.06		0		168			0.05
C335		c		40.7333			-73.841976		0.06		0		168			0.05
C336		c		40.737039		-73.837856		0.06		0		168			0.05
C337		c		40.72210233		-73.846356		0.06		0		168			0.05
C338		c		40.757266		-73.770978		0.06		0		168			0.05
C339		c		40.749228		-73.803658		0.06		0		168			0.05
C340		c		40.682418		-73.785392		0.06		0		168			0.05
C341		c		40.744148		-73.809333		0.06		0		168			0.05
C342		c		40.7202325		-73.88041475	0.06		0		168			0.05
C343		c		40.73303133		-73.87122733	0.06		0		168			0.05
C344		c		40.704591		-73.881944		0.06		0		168			0.05
C345		c		40.749151		-73.840066		0.06		0		168			0.05
C346		c		40.730193		-73.885302		0.06		0		168			0.05
C347		c		40.715851		-73.836995		0.06		0		168			0.05
C348		c		40.69664		-73.860344		0.06		0		168			0.05
C349		c		40.735169		-73.843435		0.06		0		168			0.05
C350		c		40.701915		-73.783477		0.06		0		168			0.05
C351		c		40.73348233		-73.770943		0.06		0		168			0.05
C352		c		40.7101895		-73.9112595		0.06		0		168			0.05
C353		c		40.712529		-73.799377		0.06		0		168			0.05
C354		c		40.758155		-73.919785		0.06		0		168			0.05
C355		c		40.742433		-73.8093895		0.06		0		168			0.05
C356		c		40.758381		-73.831008		0.06		0		168			0.05
C357		c		40.585105		-73.809223		0.06		0		168			0.05
C358		c		40.728112		-73.835592		0.06		0		168			0.05
C359		c		40.698413		-73.857672		0.06		0		168			0.05
C360		c		40.685918		-73.769315		0.06		0		168			0.05
C361		c		40.580754		-73.824936		0.06		0		168			0.05
C362		c		40.5814			-73.823377		0.06		0		168			0.05
C363		c		40.582137		-73.820127		0.06		0		168			0.05
C364		c		40.582479		-73.819097		0.06		0		168			0.05
C365		c		40.582825		-73.817858		0.06		0		168			0.05
C366		c		40.583412		-73.815484		0.06		0		168			0.05
C367		c		40.58415		-73.812472		0.06		0		168			0.05
C368		c		40.5844			-73.811254		0.06		0		168			0.05
C369		c		40.585826		-73.807265		0.06		0		168			0.05
C370		c		40.776788		-73.92753		0.06		0		168			0.05
C371		c		40.740388		-73.841879		0.06		0		168			0.05
C372		c		40.673137		-73.85461		0.06		0		168			0.05
C373		c		40.661051		-73.746639		0.06		0		168			0.05
C374		c		40.675268		-73.786905		0.06		0		168			0.05
C375		c		40.681366		-73.787854		0.06		0		168			0.05
C376		c		40.657674		-73.748388		0.06		0		168			0.05
C377		c		40.66346		-73.741329		0.06		0		168			0.05
C378		c		40.667505		-73.807496		0.06		0		168			0.05
C379		c		40.691011		-73.774207		0.06		0		168			0.05
C380		c		40.77208		-73.769438		0.06		0		168			0.05
C381		c		40.753635		-73.947615		0.06		0		168			0.05
C382		c		40.745794		-73.846729		0.06		0		168			0.05
C383		c		40.75137775		-73.842193		0.06		0		168			0.05
C384		c		40.751882		-73.837459		0.06		0		168			0.05
C385		c		40.76269		-73.753297		0.06		0		168			0.05
C386		c		40.602281		-73.751564		0.06		0		168			0.05
C387		c		40.751418		-73.833843		0.06		0		168			0.05
C388		c		40.732226		-73.86515		0.06		0		168			0.05
C389		c		40.743599		-73.850355		0.06		0		168			0.05
C390		c		40.747127		-73.852214		0.06		0		168			0.05
C391		c		40.755803		-73.92631		0.06		0		168			0.05
C392		c		40.744152		-73.844476		0.06		0		168			0.05
C393		c		40.690594		-73.803822		0.06		0		168			0.05
C394		c		40.701651		-73.78315		0.06		0		168			0.05
C395		c		40.683453		-73.79213		0.06		0		168			0.05
C396		c		40.692406		-73.794745		0.06		0		168			0.05
C397		c		40.595548		-73.762266		0.06		0		168			0.05
EOF							